# Whitelist ИНН для сканера требований ФНС (17:00).
# Источник: КОМПАНИИ В СРМ.xlsx
# Обновлено: 2026-07-29
# Всего: 87
5009111280
5011036907
7704817881
7707795812
7708413375
7708455826
7708721010
7714995442
7716255980
7716256800
7716936690
7716949498
7718139114
7718253642
7720478315
7720897958
7720959139
7720959604
7720960600
7724774530
7724864960
7725346640
7725354440
7726418680
7728324349
7733286184
7733362702
7733406614
7733412061
7733414245
7733418909
7733418962
7733419081
7733419099
7733430705
7733857550
7734474060
7734474261
7736374030
7743289160
7743359603
7751170344
7751375824
7751376874
7751377028
7751381578
9701321496
9701321506
9703234390
9707053229
9709054034
9710091961
9715519143
9715519249
9718078916
9718148521
9718251783
9718288381
9718291017
9719029573
9721259824
9721259849
9722110190
9722110200
9722111250
9723264555
9723266873
9724051292
9724231190
9725029797
9725197181
9725197569
9725197600
9725197625
9725200003
9726107977
9729097741
9729323581
9729347374
9729352582
9729352800
9729355449
9729355495
9731112323
9731112362
9731112429
9734020085
